
z = 11 (3) steps = 720
steps 720 sum 471590 sum2 470215
     0     0     0     0     0  2000     0     0     0     0     0
     0     0     0     0  1012 13648  1021     0     0     0     0
     0     0     0  1012  6885 15501  6829  1021     0     0     0
     0     0  1012  6885  7763 15502  7803  6829  1021     0     0
     0  1012  6885  7763  7804 15501  7764  7803  6829  1021     0
  2015 13653 15501 15502 15501 30873 15501 15502 15501 13650  2006
     0  1036  6834  7803  7764 15501  7804  7763  6887  1018     0
     0     0  1036  6834  7803 15502  7763  6887  1018     0     0
     0     0     0  1036  6834 15501  6887  1018     0     0     0
     0     0     0     0  1036 13655  1018     0     0     0     0
     0     0     0     0     0  2021     0     0     0     0     0
sum2 471590
z = 13 (1) steps = 851
steps 851 sum 656894 sum2 658519
     0     0     0     0     0     0  2000     0     0     0     0     0     0
     0     0     0     0     0  1012 13648  1021     0     0     0     0     0
     0     0     0     0  1012  6885 15501  6829  1021     0     0     0     0
     0     0     0  1012  6885  7763 15502  7803  6829  1021     0     0     0
     0     0  1012  6885  7763  7804 15501  7764  7803  6829  1021     0     0
     0  1012  6885  7763  7804  7763 15502  7803  7764  7803  6829  1021     0
  2015 13653 15501 15502 15501 15502 30872 15502 15501 15502 15501 13650  2006
     0  1036  6834  7803  7764  7803 15502  7763  7804  7763  6887  1018     0
     0     0  1036  6834  7803  7764 15501  7804  7763  6887  1018     0     0
     0     0     0  1036  6834  7803 15502  7763  6887  1018     0     0     0
     0     0     0     0  1036  6834 15501  6887  1018     0     0     0     0
     0     0     0     0     0  1036 13655  1018     0     0     0     0     0
     0     0     0     0     0     0  2021     0     0     0     0     0     0
sum2 658519
z = 15 (3) steps = 982
steps 982 sum 876582 sum2 874707
     0     0     0     0     0     0     0  2000     0     0     0     0     0     0     0
     0     0     0     0     0     0  1012 13648  1021     0     0     0     0     0     0
     0     0     0     0     0  1012  6885 15501  6829  1021     0     0     0     0     0
     0     0     0     0  1012  6885  7763 15502  7803  6829  1021     0     0     0     0
     0     0     0  1012  6885  7763  7804 15501  7764  7803  6829  1021     0     0     0
     0     0  1012  6885  7763  7804  7763 15502  7803  7764  7803  6829  1021     0     0
     0  1012  6885  7763  7804  7763  7804 15501  7764  7803  7764  7803  6829  1021     0
  2015 13653 15501 15502 15501 15502 15501 30873 15501 15502 15501 15502 15501 13650  2006
     0  1036  6834  7803  7764  7803  7764 15501  7804  7763  7804  7763  6887  1018     0
     0     0  1036  6834  7803  7764  7803 15502  7763  7804  7763  6887  1018     0     0
     0     0     0  1036  6834  7803  7764 15501  7804  7763  6887  1018     0     0     0
     0     0     0     0  1036  6834  7803 15502  7763  6887  1018     0     0     0     0
     0     0     0     0     0  1036  6834 15501  6887  1018     0     0     0     0     0
     0     0     0     0     0     0  1036 13655  1018     0     0     0     0     0     0
     0     0     0     0     0     0     0  2021     0     0     0     0     0     0     0
sum2 876582
z = 17 (1) steps = 1113
steps 1113 sum 1123654 sum2 1125779
     0     0     0     0     0     0     0     0  2000     0     0     0     0     0     0     0     0
     0     0     0     0     0     0     0  1012 13648  1021     0     0     0     0     0     0     0
     0     0     0     0     0     0  1012  6885 15501  6829  1021     0     0     0     0     0     0
     0     0     0     0     0  1012  6885  7763 15502  7803  6829  1021     0     0     0     0     0
     0     0     0     0  1012  6885  7763  7804 15501  7764  7803  6829  1021     0     0     0     0
     0     0     0  1012  6885  7763  7804  7763 15502  7803  7764  7803  6829  1021     0     0     0
     0     0  1012  6885  7763  7804  7763  7804 15501  7764  7803  7764  7803  6829  1021     0     0
     0  1012  6885  7763  7804  7763  7804  7763 15502  7803  7764  7803  7764  7803  6829  1021     0
  2015 13653 15501 15502 15501 15502 15501 15502 30872 15502 15501 15502 15501 15502 15501 13650  2006
     0  1036  6834  7803  7764  7803  7764  7803 15502  7763  7804  7763  7804  7763  6887  1018     0
     0     0  1036  6834  7803  7764  7803  7764 15501  7804  7763  7804  7763  6887  1018     0     0
     0     0     0  1036  6834  7803  7764  7803 15502  7763  7804  7763  6887  1018     0     0     0
     0     0     0     0  1036  6834  7803  7764 15501  7804  7763  6887  1018     0     0     0     0
     0     0     0     0     0  1036  6834  7803 15502  7763  6887  1018     0     0     0     0     0
     0     0     0     0     0     0  1036  6834 15501  6887  1018     0     0     0     0     0     0
     0     0     0     0     0     0     0  1036 13655  1018     0     0     0     0     0     0     0
     0     0     0     0     0     0     0     0  2021     0     0     0     0     0     0     0     0


NW3 = 7763 * SQ(N-2)/2
NW4 = 7804 * (SQ(N-2)/2 - (N-2))
NE3 = 7803 * SQ(N-2)/2
NE4 = 7764 * (SQ(N-2)/2 - (N-2))
NW2 = 6885 * (N-2)
SW2 = 6834 * (N-2)
SE2 = 6887 * (N-2)
NE2 = 6829 * (N-2)
NW = 1012 * (N-1)
NE = 1021 * (N-1)
SW = 1036 * (N-1)
SE = 1018 * (N-1)
W3 = 15501 * 4 * (N/2 - 1)
W4 = 15502 * 4 * (N/2 - 1)
O = 30872 * 1
N = 2000 * 1
S = 2021 * 1
W = 2015 * 1
E = 2006 * 1
W2 = 13653 * 1
E2 = 13650 * 1
N2 = 13648 * 1
S2 = 13655 * 1

                                                                N                                                             
                                                         NW    N2    NE                                                       
                                                   NW    NW2   W3    NE2   NE                                                 
                                             NW    NW2   NW3   W4    NE3   NE2   NE                                           
                                       NW    NW2   NW3   NW4   W3    NE4   NE3   NE2   NE                                     
                                 NW    NW2   NW3   NW4   NW3   W4    NE3   NE4   NE3   NE2   NE                               
                           NW    NW2   NW3   NW4   NW3   NW4   W3    NE4   NE3   NE4   NE3   NE2   NE                         
                     NW    NW2   NW3   NW4   NW3   NW4   NW3   W4    NE3   NE4   NE3   NE4   NE3   NE2   NE                   
               NW    NW2   NW3   NW4   NW3   NW4   NW3   NW4   W3    NE4   NE3   NE4   NE3   NE4   NE3   NE2   NE             
         NW    NW2   NW3   NW4   NW3   NW4   NW3   NW4   NW3   W4    NE3   NE4   NE3   NE4   NE3   NE4   NE3   NE2   NE       
    W    W2    W3    W4    W3    W4    W3    W4    W3    W4     O    W4    W3    W4    W3    W4    W3    W4    W3    E2     E 
         SW    SW2   NE3   NE4   NE3   NE4   NE3   NE4   NE3   W4    NW3   NW4   NW3   NW4   NW3   NW4   NW3   SE2   SE       
               SW    SW2   NE3   NE4   NE3   NE4   NE3   NE4   W3    NW4   NW3   NW4   NW3   NW4   NW3   SE2   SE             
                     SW    SW2   NE3   NE4   NE3   NE4   NE3   W4    NW3   NW4   NW3   NW4   NW3   SE2   SE                   
                           SW    SW2   NE3   NE4   NE3   NE4   W3    NW4   NW3   NW4   NW3   SE2   SE                         
                                 SW    SW2   NE3   NE4   NE3   W4    NW3   NW4   NW3   SE2   SE                               
                                       SW    SW2   NE3   NE4   W3    NW4   NW3   SE2   SE                                     
                                             SW    SW2   NE3   W4    NW3   SE2   SE                                           
                                                   SW    SW2   W3    SE2   SE                                                 
                                                         SW    S2    SE                                                       
                                                                S                                                             
